20 30
10 1000
0 3.459
5 1.789
6 1.879
10 1.929
103 1.129
213 1.459
512 1.349
731 1.789
816 1.449
934 1.999
35 20
1 100
0 5.000
20 30
10 1000
0 3.459
5 2.789
6 2.779
10 2.229
103 1.929
213 1.859
512 1.749
731 1.689
816 1.549
934 1.499
20 30
10 1000
0 3.459
5 1.789
6 1.879
10 1.929
103 2.129
213 2.459
512 2.349
731 2.389
816 2.449
934 2.599
20 30
14 1500
0 3.459
5 1.789
6 1.879
10 1.929
103 1.129
213 1.459
512 1.349
731 1.789
816 1.449
934 1.999
1011 2.229
1234 2.349
1300 2.789
1425 2.559
20 20
10 1000
0 3.459
5 1.789
6 1.879
10 1.929
103 2.129
213 2.459
512 2.349
731 2.389
816 2.449
934 2.599
20 20
14 1500
0 3.459
5 1.789
6 1.879
10 1.929
103 1.129
213 1.459
512 1.349
731 1.789
816 1.449
934 1.999
1011 2.229
1234 2.349
1300 2.789
1425 2.559
15 22
10 1000
0 3.459
5 1.789
6 1.879
10 1.929
103 2.129
213 2.459
512 2.349
731 2.389
816 2.449
934 2.599
15 22
14 1500
0 3.459
5 1.789
6 1.879
10 1.929
103 1.129
213 1.459
512 1.349
731 1.789
816 1.449
934 1.999
1011 2.229
1234 2.349
1300 2.789
1425 2.559
0 0